constraint,m1,m2,diff
(!DUPLICATES && SEQUENTIAL && !REPLICATED),0,0.002,0.002
(DUPLICATES && SEQUENTIAL && !REPLICATED),0,0,0
(!DUPLICATES && !SEQUENTIAL && REPLICATED),0,0.003,0.003
(DUPLICATES && SEQUENTIAL && REPLICATED),0,0,0
(DUPLICATES && !SEQUENTIAL && !REPLICATED),0,0,0
(!DUPLICATES && !SEQUENTIAL && !REPLICATED),0,0,0
(DUPLICATES && !SEQUENTIAL && REPLICATED),0,0,0
(!DUPLICATES && SEQUENTIAL && REPLICATED),0.002,0,0.002
